6	16384	16384	16384	16384	0	0	0	0	0	0	0	0
37	16384	16384	16384	16384	0	0	0	0	0	0	0	0
66	16384	16384	16384	16384	0	0	0	0	0	0	0	0
95	16384	16384	16384	16384	0	0	0	0	0	0	0	0
138	16384	16384	16384	16384	0	0	0	0	0	0	0	0
169	16384	16384	16384	16384	0	0	0	0	0	0	0	0
188	16384	16384	16384	16384	0	0	0	0	0	0	0	0
216	16384	16384	16384	16384	0	0	0	0	0	0	0	0
248	16384	16384	16384	16384	0	0	0	0	0	0	0	0
280	16384	16384	16384	16384	0	0	0	0	0	0	0	0
312	16384	16384	16384	16384	0	0	0	0	0	0	0	0
345	16384	16384	16384	16384	0	0	0	0	0	0	0	0
372	16384	16384	16384	16384	0	0	0	0	0	0	0	0
403	16384	16384	16384	16384	0	0	0	0	0	0	0	0
439	16384	16384	16384	16384	0	0	0	0	0	0	0	0
466	16384	16384	16384	16384	0	0	0	0	0	0	0	0
497	16384	16384	16384	16384	0	0	0	0	0	0	0	0
531	16384	16384	16384	16384	0	0	0	0	0	0	0	0
562	16384	16384	16384	16384	0	0	0	0	0	0	0	0
592	16384	21585	16384	16384	0	0	0	0	0	0	0	0
626	16384	32767	16384	19895	0	0	0	0	0	0	0	0
653	16384	32767	16384	32767	0	0	0	0	0	0	0	0
689	16384	32767	11776	32767	0	0	0	0	0	0	0	0
716	16384	32767	8320	32767	0	0	0	0	0	0	0	0
748	16384	32767	128	32767	0	0	0	0	0	0	0	0
782	16384	32767	3456	16384	0	0	0	0	0	0	0	0
812	7680	16384	12288	10752	0	0	0	0	0	0	0	0
844	1	16384	12288	5760	0	0	0	0	0	0	0	0
872	1	4096	16384	1	0	0	0	0	0	0	0	0
904	1	3584	16384	1	0	0	0	0	0	0	0	0
939	1	6272	16384	1	0	0	0	0	0	0	0	0
966	1	16384	16384	1	0	0	0	0	0	0	0	0
997	1	16384	16384	1	0	0	0	0	0	0	0	0
1031	2688	32767	22105	1	0	0	0	0	0	0	0	0
1062	16384	32767	26786	1	0	0	0	0	0	0	0	0
1092	16384	32767	32506	1	0	0	0	0	0	0	0	0
1122	22235	32767	32767	1	0	0	0	0	0	0	0	0
1154	32767	29516	27696	16384	0	0	0	0	0	0	0	0
1189	32767	11264	16384	16384	0	0	0	0	0	0	0	0
1216	32767	1	16384	16384	0	0	0	0	0	0	0	0
1248	32767	1	16384	16384	0	0	0	0	0	0	0	0
1282	16384	1	16384	16384	0	0	0	0	0	0	0	0
1312	16384	1	16384	5504	0	0	0	0	0	0	0	0
1344	5376	1	16384	1152	0	0	0	0	0	0	0	0
1372	1	1	16384	1	0	0	0	0	0	0	0	0
1404	1	16384	16384	1	0	0	0	0	0	0	0	0
1439	16384	32767	16384	1	0	0	0	0	0	0	0	0
1466	16384	32767	16384	1	0	0	0	0	0	0	0	0
1497	31206	32767	16384	1	0	0	0	0	0	0	0	0
1531	32767	27826	16384	16384	0	0	0	0	0	0	0	0
1562	32767	16384	16384	16384	0	0	0	0	0	0	0	0
1592	32767	16384	16384	16384	0	0	0	0	0	0	0	0
1626	32767	1	16384	16384	0	0	0	0	0	0	0	0
1653	32767	1	16384	16384	0	0	0	0	0	0	0	0
1689	27566	1	16384	16384	0	0	0	0	0	0	0	0
1716	23795	1	16384	16384	0	0	0	128	0	0	0	0
1748	16384	1	16384	16384	0	0	0	128	0	0	0	0
1781	11776	1	16384	16384	0	0	0	128	0	0	0	0
1812	1	3328	16384	16384	0	0	0	128	0	0	0	0
1844	1	16384	16384	16384	0	0	0	128	0	0	0	0
1873	1	16384	16384	16384	0	0	0	0	0	0	0	0
1904	1	32767	16384	16384	0	0	0	0	0	0	0	0
1938	13696	32767	16384	16384	0	0	0	0	0	0	0	0
1966	16384	32767	16384	16384	0	0	0	0	0	0	0	0
2000	32767	32767	16384	16384	0	0	0	0	0	0	0	0
2032	32767	21715	16384	16384	0	0	0	0	0	0	0	0
2061	32767	16384	16384	16384	0	0	0	0	0	0	0	0
2093	32767	10240	16384	16384	0	0	0	0	0	0	0	0
2126	32767	1	16384	16384	0	0	0	0	0	0	0	0
2154	29516	1	16384	16384	0	0	0	0	0	0	0	0
2189	16384	1	16384	16384	0	0	0	0	0	0	0	0
2216	16384	1	16384	16384	0	0	0	0	0	0	0	0
2248	16384	1408	16384	16384	0	0	0	0	0	0	0	0
2281	16384	16384	16384	16384	0	0	0	0	0	0	0	0
2312	23535	32767	16384	16384	0	0	0	0	0	0	0	0
2344	23665	32767	16384	16384	0	0	0	0	0	0	0	0
2372	23665	32767	16384	16384	0	0	0	0	0	0	0	0
2403	23665	32767	16384	16384	0	0	0	0	0	0	0	0
2437	25486	32767	16384	16384	0	0	0	0	0	0	0	0
2466	26396	32767	16384	16384	0	0	0	0	0	0	0	0
2497	23535	27306	16384	16384	0	0	0	0	0	0	0	0
2531	16384	16384	16384	16384	0	128	0	0	0	0	0	0
2562	16384	16384	16384	16384	0	128	0	0	0	0	0	0
2592	16384	16384	16384	16384	0	128	0	0	0	0	0	0
2626	16384	16384	16384	16384	0	128	0	0	0	0	0	0
2654	16384	16384	16384	16384	0	0	0	0	0	0	0	0
2689	16384	16384	16384	16384	0	0	0	0	0	0	0	0
2716	16384	16384	16384	16384	0	0	0	0	0	0	0	0
2748	16384	16384	16384	16384	0	0	0	0	0	0	0	0
2781	16384	16384	16384	16384	128	0	0	0	0	0	0	0
2812	16384	16384	16384	16384	128	0	0	0	0	0	0	0
2844	16384	16384	16384	16384	128	0	0	0	0	0	0	0
2872	16384	16384	16384	16384	128	0	0	0	0	0	0	0
2903	16384	16384	16384	16384	128	0	0	0	0	0	0	0
2939	16384	16384	16384	16384	0	0	0	0	0	0	0	0
2966	16384	16384	16384	16384	0	0	0	0	0	0	0	0
2997	16384	16384	16384	16384	0	0	0	0	0	0	0	0
3032	16384	16384	16384	16384	0	0	0	0	0	0	0	0
3062	16384	16384	16384	16384	0	0	0	0	0	0	0	0
3093	16384	16384	16384	16384	0	0	0	0	0	0	0	0
3126	16384	16384	16384	16384	0	0	0	0	0	0	0	0
3153	16384	16384	12544	32767	0	0	0	0	0	0	0	0
3189	16384	16384	6528	32767	0	0	0	0	0	0	0	0
3216	16384	16384	7680	32767	0	0	0	0	0	0	0	0
3248	16384	16384	7680	32767	0	0	0	0	0	0	0	0
3281	16384	16384	7552	32767	0	0	0	0	0	0	0	0
3312	16384	16384	5120	32767	0	0	0	0	0	0	0	0
3344	16384	16384	1792	32767	0	0	0	0	0	0	0	0
3372	16384	16384	1664	32767	0	0	0	0	0	0	0	0
3403	16384	16384	16384	16384	0	0	0	0	0	0	0	0
3439	16384	16384	16384	16384	0	0	0	0	0	0	0	0
3466	16384	16384	16384	16384	0	0	0	0	0	0	0	0
3498	16384	30426	16384	16384	0	0	0	0	0	0	0	0
3531	16384	32767	16384	16384	0	0	0	0	0	0	0	0
3561	16384	32767	16384	6912	0	0	0	0	0	0	0	0
3592	16384	32767	16384	5120	0	0	0	0	0	0	0	0
3627	16384	32767	16384	5248	0	0	0	0	0	0	0	0
3653	16384	32767	16384	5248	0	0	0	0	0	0	0	0
3685	16384	32767	16384	5504	0	0	0	0	0	0	0	0
3716	16384	32767	16384	16384	0	0	0	0	0	0	0	0
3748	16384	32767	16384	16384	0	0	0	0	0	0	0	0
3781	16384	32767	16384	16384	0	0	0	0	0	0	0	0
3812	16384	32767	16384	16384	0	0	0	0	0	0	0	0
3845	16384	32767	16384	32767	0	0	0	0	0	0	0	0
3872	16384	21715	16384	32767	0	0	0	0	0	0	0	0
3904	16384	16384	16384	32767	0	0	0	0	0	0	0	0
3939	16384	16384	16384	32767	0	0	0	0	0	0	0	0
3966	16384	16384	16384	32767	0	0	0	0	0	0	0	0
3997	16384	16384	16384	32767	0	0	0	0	0	0	0	0
4031	16384	16384	16384	32767	0	0	0	0	0	0	0	0
4062	16384	16384	16384	32767	0	0	0	0	0	0	0	0
4092	16384	16384	16384	20935	0	0	0	0	0	0	0	0
4126	16384	16384	16384	16384	0	0	0	0	0	0	0	0
4170	16384	16384	16384	16384	0	0	0	0	0	0	0	0
4201	16384	16384	16384	16384	0	0	0	0	0	0	0	0
4232	16384	20155	16384	16384	0	0	0	0	0	0	0	0
4263	16384	26916	16384	16384	0	0	0	0	0	0	0	0
4280	16384	28216	16384	16384	0	0	0	0	0	0	0	0
4304	16384	29256	16384	16384	0	0	0	0	0	0	0	0
4336	16384	31986	16384	12032	0	0	0	0	0	0	0	0
4364	16384	32767	16384	8320	0	0	0	0	0	0	0	0
4396	16384	32767	16384	3968	0	0	0	0	0	0	0	0
4431	16384	32506	16384	1	0	0	0	0	0	0	0	0
4461	16384	29776	16384	1	0	0	0	0	0	0	0	0
4489	16384	21455	16384	1	0	0	0	0	0	0	0	0
4524	16384	16384	16384	1	0	0	0	0	0	0	0	0
4554	16384	16384	16384	1	0	0	0	0	0	0	0	0
4584	16384	16384	16384	1	0	0	0	0	0	0	0	0
4614	16384	16384	16384	1	0	0	0	0	0	0	0	0
4646	16384	11392	16384	1	0	0	0	0	0	0	0	0
4681	13824	1	16384	1	0	0	0	0	0	0	0	0
4709	9216	1	16384	2944	0	0	0	0	0	0	0	0
4741	9088	1	16384	9600	0	0	0	0	0	0	0	0
4774	9088	1	16384	16384	0	0	0	0	0	0	0	0
4804	8960	1	16384	16384	0	0	0	0	0	0	0	0
4836	8960	1	16384	16384	0	0	0	0	0	0	0	0
4864	8960	1	16384	16384	0	0	0	0	0	0	0	0
4896	7936	1	16384	16384	0	0	0	0	0	0	0	0
4932	5376	1	16384	16384	0	0	0	0	0	0	0	0
4958	16384	16384	16384	16384	0	0	0	0	0	0	0	0
4989	16384	16384	16384	16384	0	0	0	0	0	0	0	0
5024	16384	16384	16384	16384	0	0	0	0	0	0	0	0
5054	16384	16384	16384	16384	0	0	0	0	0	0	0	0
5084	16384	16384	16384	16384	0	0	0	0	0	0	0	0
5118	16384	16384	16384	16384	0	0	0	0	0	0	0	0
5146	16384	16384	16384	16384	0	0	0	0	0	0	0	0
5181	16384	16384	16384	16384	0	0	0	0	0	0	0	0
5208	16384	16384	16384	16384	0	0	0	0	0	0	0	0
5241	16384	16384	16384	16384	0	0	0	0	0	0	0	0
5274	16384	16384	16384	16384	0	0	0	0	0	0	0	0
5304	16384	16384	16384	16384	0	0	0	0	0	0	0	0
5336	16384	16384	16384	16384	0	0	0	0	0	0	0	0
5364	16384	16384	16384	16384	0	0	0	0	0	0	0	0
5396	16384	16384	16384	16384	0	0	0	0	0	0	0	0
5431	16384	16384	16384	16384	0	0	0	0	0	0	0	0
5458	16384	16384	16384	16384	0	0	0	0	0	0	0	0
5492	16384	16384	16384	16384	0	0	0	0	0	0	0	0
5523	16384	16384	16384	16384	0	0	0	0	0	0	0	0
5554	16384	16384	16384	16384	0	0	0	0	0	0	0	0
5584	16384	16384	16384	16384	0	0	0	0	0	0	0	0
5619	16384	16384	16384	16384	0	0	0	0	0	0	0	0
5646	16384	16384	16384	16384	0	0	0	0	0	0	0	0
5680	16384	16384	16384	16384	0	0	0	0	0	0	0	0
5709	16384	16384	16384	16384	0	0	0	0	0	0	0	0
5740	16384	16384	16384	16384	0	0	0	0	0	0	0	0
5773	16384	16384	16384	16384	0	0	0	0	0	0	0	0
5804	16384	16384	16384	16384	0	0	0	0	0	0	0	0
5836	16384	16384	16384	16384	0	0	0	0	0	0	0	0
5864	16384	16384	16384	16384	0	0	0	0	0	0	0	0
5896	16384	16384	16384	16384	0	0	0	0	0	0	0	0
5931	16384	16384	16384	16384	0	0	0	0	0	0	0	0
5958	16384	16384	16384	16384	0	0	0	0	0	0	0	0
5991	16384	16384	16384	16384	0	0	0	0	0	0	0	0
6021	16384	16384	16384	16384	0	0	0	0	0	0	0	0
6054	16384	16384	16384	16384	0	0	0	0	0	0	0	0
6086	16384	16384	16384	16384	0	0	0	0	0	0	0	0
6114	16384	16384	16384	16384	0	0	0	0	0	0	0	0
6145	16384	16384	16384	16384	0	0	0	0	0	0	0	0
